866
337
982
111
999
829
66
472
496
833
480
940
10
820
192
218
633
960
621
301
955
64
17
130
800
892
82
38
968
45
536
143
175
41
572
665
366
306
763
454
6
834
845
220
607
732
99
314
106
994
66
649
240
733
916
705
697
874
406
829
323
766
645
870
107
978
352
441
749
56
65
596
241
847
472
542
996
88
47
144
4
452
620
68
946
168
684
281
750
269
398
977
954
307
584
886
340
754
92
228
940
62
125
699
304
903
687
182
413
479
210
198
748
688
378
623
447
427
907
979
465
524
79
376
105
200
257
414
244
139
222
349
951
12
950
584
994
219
561
844
761
443
224
723
563
795
618
450
218
593
891
741
568
217
367
816
247
499
847
322
353
609
455
380
362
148
326
184
724
446
309
965
883
155
581
128
488
756
763
880
533
93
644
602
360
939
524
304
729
857
665
674
215
58
52
383
257
489
806
397
102
175
727
697
467
538
95
234
719
766
522
501
172
765
302
604
3
30
802
42
856
200
615
564
514
604
892
162
718
567
733
638
77
255
915
435
493
131
708
569
790
546
182
759
703
587
229
314
398
202
487
386
89
872
570
49
229
640
790
367
434
270
337
377
521
804
718
261
977
544
480
159
15
622
538
816
3
665
169
459
522
414
910
730
353
829
895
144
185
422
748
241
799
850
865
680
453
446
903
54
58
967
743
846
294
342
938
262
770
676
504
335
170
272
413
615
71
378
963
47
146
260
400
181
288
959
271
356
221
722
623
110
477
580
368
308
982
303
564
402
199
762
676
817
223
297
799
664
525
605
681
802
268
455
738
361
985
242
78
450
860
619
161
284
166
763
230
536
135
420
922
637
71
527
77
548
321
471
190
883
801
984
796
228
819
420
562
336
32
509
647
252
931
381
1000
254
768
917
143
706
330
526
20
402
318
201
987
887
638
160
359
129
715
529
635
71
845
633
478
784
11
581
830
640
99
687
33
626
912
4
510
108
201
151
241
592
845
23
755
527
541
520
829
291
714
792
328
768
214
900
567
525
222
709
660
302
969
190
774
594
763
865
333
932
325
80
796
651
311
112
146
566
638
995
590
905
230
17
583
977
96
333
331
725
915
971
617
995
926
755
410
753
608
148
778
296
864
406
611
171
91
236
227
121
895
134
360
262
896
46
272
61
116
452
611
226
984
965
679
217
775
999
937
838
35
511
581
832
826
857
726
182
928
765
854
481
318
460
104
648
292
409
111
681
687
66
792
690
409
367
169
636
545
791
497
314
93
124
430
90
548
304
741
109
500
643
163
435
815
224
816
155
324
632
260
258
548
845
191
370
609
337
838
683
821
491
143
177
170
865
612
426
41
189
247
109
867
75
208
14
40
192
461
829
363
909
683
266
418
604
747
640
115
703
393
865
831
627
547
338
472
14
710
711
121
777
361
553
452
537
612
87
7
932
586
200
359
701
158
592
716
932
658
608
341
571
934
139
79
717
985
316
44
972
787
934
500
584
538
209
980
883
862
558
468
116
620
346
33
806
279
325
924
152
484
602
432
457
723
956
125
156
747
596
707
968
534
192
817
245
655
467
286
238
651
7
655
302
494
86
420
422
609
838
85
843
980
785
48
855
564
642
485
515
366
363
597
186
313
815
231
125
702
5
587
541
927
150
187
919
474
720
232
723
85
130
153
621
4
568
627
690
15
780
536
27
287
898
164
339
478
960
180
113
112
922
485
408
261
391
131
479
397
798
207
670
557
338
100
686
757
134
463
596
108
921
97
927
592
209
807
835
880
117
823
678
398
871
943
453
650
228
786
351
91
325
691
447
35
264
100
97
384
73
911
778
98
52
243
508
530
615
432
532
926
780
734
767
146
846
554
590
516
42
744
972
866
742
78
207
965
655
701
944
440
651
645
418
92
200
26
705
145
506
189
596
847
681
298
450
210
920
523
489
687
530
644
841
195
990
692
968
485
388
182
857
184
989
858
485
711
971
146
948
556
402
688
513
609
124
369
357
947
983
981
677
236
5
375
266
165
667
174
978
104
935
718
918
145
368
92
419
416
613
585
318
939
487
13
670
794
250
66
953
642
244
67
184
940
817
180
813
970
766
442
974
24
876
709
17
977
649
314
318
294
337
614
106
482
681
933
519
639
875
256
395
436
565
730
954
382
1
987
80
53
149
846
399
665
354
506
315
975
561
884
901
204
402
323
192
310
397
897
757
287
487
143
8
480
62
556
220
789
600
891
543
46
710
219
14
48
481
484
365
888
351
738
329
204
704
352
663
529
368
297
285
721
442
992
487
841
527
251
110
760
586
785
271
507
529
345
233
885
870
391
125
712
906
814
563
120
822
685
687
48
716
933
868
802
176
690
719
634
100
975
70
686
985
15
438
866
269
135
237
215
563
114
964
57
687
814
305
970
392
368
667
561
145
342
311
666
279
79
950
379
588
26
908
44
539
463
544
22
901
211
232
892
561
420
251
187
993
108
358
612
757
653
749
632
636
447
841
674
510
330
322
399
885
749
887
420
425
685
496
567
515
606
205
526
76
693
775
860
186
673
536
334
92
310
95
198
25
600
643
778
939
150
685
897
474
907
313
681
773
96
627
924
435
384
617
57
747
848
150
327
180
557
855
811
475
975
729
692
767
963
86
772
888
958
346
843
214
42
35
680
392
765
560
278
257
319
240
720
586
338
652
221
64
534
800
637
811
721
399
464
496
700
874
179
918
492
784
487
39
80
16
743
51
593
753
615
665
557
534
89
882
269
838
980
468
866
238
448
41
78
313
559
86
301
450
194
752
838
132
294
870
634
942
70
261
808
246
6
617
671
693
199
252
693
317
645
219
828
72
500
75
961
214
227
512
859
658
162
498
384
232
912
222
608
342
648
823
952
843
685
205
931
186
262
738
25
958
138
74
62
835
634
648
249
543
113
192
919
640
72
209
881
223
197
691
496
465
910
645
176
342
936
903
981
140
420
708
548
766
371
56
450
982
942
631
465
39
403
284
197
207
432
583
140
672
245
389
213
379
123
783
354
713
575
478
896
816
5
213
581
929
914
219
782
806
436
845
464
590
995
643
341
727
265
787
737
127
536
856
460
281
77
384
449
781
916
318
614
645
785
793
498
579
722
241
46
714
289
571
640
470
812
113
317
309
267
966
958
603
906
160
922
466
205
96
549
625
539
739
349
380
77
359
678
499
900
381
479
821
298
292
987
396
803
601
676
591
2
413
886
974
693
406
656
739
330
3
829
177
262
542
728
152
817
82
901
321
117
211
722
796
229
261
772
627
27
499
425
469
61
917
143
52
929
594
115
48
402
429
128
91
180
380
878
238
100
216
443
113
98
963
860
446
672
90
806
952
24
757
762
917
704
772
128
498
268
940
218
664
65
414
932
591
448
147
823
961
968
225
859
528
293
510
629
139
434
928
836
121
906
45
468
435
289
812
511
862
613
541
867
650
982
321
696
132
247
497
132
767
789
403
357
317
516
214
796
964
928
118
162
138
947
678
141
913
921
154
910
350
962
452
489
833
878
939
302
599
677
500
53
578
817
612
671
352
924
687
376
671
463
356
718
524
843
509
13
991
729
269
64
796
383
880
479
215
94
260
877
428
35
838
470
998
188
132
740
149
317
844
157
282
659
276
777
218
237
30
475
907
925
779
187
805
547
170
736
729
766
795
214
91
418
655
635
552
909
449
204
614
585
770
37
451
985
816
590
780
931
118
735
146
875
939
587
867
518
416
240
623
659
618
885
57
713
654
227
680
235
8
577
687
649
881
881
132
123
703
775
213
580
384
374
964
303
845
563
645
175
444
939
646
355
781
479
397
301
39
163
672
866
603
318
23
926
445
169
391
571
248
207
786
5
943
556
521
760
205
733
305
94
582
636
98
12
440
521
653
923
109
995
972
160
92
804
517
275
368
630
956
878
813
489
758
701
50
175
763
496
492
700
692
858
399
410
628
224
985
375
392
445
374
703
170
29
804
133
459
774
965
419
831
31
205
982
721
812
924
550
317
631
260
701
55
71
517
239
606
784
915
795
877
136
80
487
38
995
976
940
127
673
903
826
202
855
940
822
931
960
231
155
968
578
264
69
977
57
312
688
844
834
989
756
569
937
171
314
211
4
164
504
371
412
897
892
919
380
385
54
425
748
533
48
131
221
614
347
405
496
636
465
778
370
634
637
133
73
132
267
639
988
687
648
359
973
948
40
843
608
184
221
737
562
561
106
383
425
423
116
642
857
801
337
141
355
871
769
150
343
658
423
579
557
410
834
458
780
110
485
297
345
631
411
639
507
757
79
695
869
965
13
989
984
120
619
988
44
51
489
589
11
283
974
361
483
60
425
975
850
446
316
369
419
698
804
236
3
236
822
45
810
543
8
109
519
802
203
550
102
611
429
342
658
995
523
140
947
996
240
722
181
282
687
158
254
605
825
271
403
311
539
693
859
925
423
432
472
46
640
292
769
101
727
358
972
116
16
482
736
266
917
397
829
146
209
847
304
860
273
275
148
507
212
566
191
521
718
996
851
719
866
350
216
982
493
289
371
174
295
870
472
535
790
743
572
241
576
590
416
991
895
59
191
220
882
552
473
891
732
970
223
264
393
681
590
612
226
128
393
375
107
813
986
636
934
16
977
156
649
267
596
229
604
94
377
316
511
275
597
381
446
212
242
320
410
222
414
239
814
107
936
401
154
336
186
407
830
647
690
28
164
379
781
773
394
425
419
362
826
116
622
555
673
97
57
159
403
742
279
58
14
23
692
557
358
791
586
500
667
512
358
691
623
442
191
855
987
170
94
613
977
115
653
298
716
810
620
234
655
517
729
42
704
648
393
946
257
482
573
178
98
596
397
642
339
650
826
72
400
27
49
338
376
953
797
60
469
623
171
926
637
67
965
305
925
62
567
785
450
557
748
755
694
153
360
981
314
914
691
322
917
720
293
412
80
485
19
276
456
825
774
597
401
594
171
174
55
199
349
559
633
904
826
294
440
594
55
271
916
843
88
350
459
105
19
913
786
540
657
988
371
791
837
844
278
420
496
677
664
712
212
69
584
400
475
528
328
14
905
86
622
271
980
425
335
756
162
289
518
944
463
323
659
164
445
613
323
15
732
944
778
98
336
187
149
760
520
541
155
326
682
587
146
877
968
153
45
913
866
636
690
369
682
378
324
511
175
925
16
519
531
141
898
266
933
135
316
367
384
720
1
712
383
317
619
925
576
248
83
958
230
359
265
883
856
575
643
430
12
960
73
712
495
966
70
884
48
660
641
821
94
186
197
822
65
24
39
957
287
805
996
533
217
767
494
355
34
14
543
947
323
126
961
496
983
221
585
396
157
607
742
584
941
358
77
878
408
961
371
136
886
419
955
600
282
602
308
368
373
517
853
69
423
608
184
211
58
41
340
198
628
729
224
60
153
41
733
351
298
15
733
877
996
478
299
975
732
545
802
361
664
752
926
783
478
120
529
872
260
758
323
893
670
509
872
541
485
701
673
511
596
347
139
126
832
111
481
512
600
371
721
156
939
84
144
902
644
606
853
213
113
528
732
360
956
927
736
523
530
146
673
573
808
536
37
502
915
8
309
415
705
912
789
729
572
889
600
450
352
572
460
844
783
106
909
114
694
542
481
700
617
844
224
248
962
328
348
889
533
602
698
442
911
573
67
591
536
583
597
25
911
740
490
317
20
541
19
76
589
25
657
669
144
813
220
922
403
857
792
648
387
426
40
883
416
400
540
571
155
821
545
962
665
6
829
966
571
775
860
30
440
572
322
550
415
73
23
464
47
27
396
856
596
52
935
348
23
128
749
536
18
535
641
127
622
550
654
614
740
835
850
509
172
66
956
278
344
263
391
905
852
217
770
345
853
474
886
978
46
867
562
39
644
344
120
82
137
175
731
120
135
419
795
248
518
187
938
632
606
446
137
576
573
231
904
214
977
894
448
482
745
872
413
611
754
627
101
94
993
931
948
738
330
714
438
679
715
476
187
94
402
347
569
109
530
571
141
896
351
358
411
367
372
525
292
250
469
989
18
968
597
293
45
561
834
32
54
343
441
796
260
826
798
499
349
465
221
450
368
230
259
691
327
988
971
460
50
151
742
461
778
912
250
264
447
415
569
263
693
539
711
84
437
371
244
648
152
952
996
401
386
160
827
721
176
203
720
479
446
33
303
875
133
725
488
662
415
227
621
645
673
401
346
705
486
867
265
781
850
228
866
34
273
646
39
1000
682
498
494
618
275
400
578
222
116
156
726
190
955
266
138
839
155
325
500
804
761
969
953
555
901
707
242
43
684
452
367
202
975
305
603
124
47
249
589
78
389
162
653
351
263
510
711
711
854
982
795
871
659
262
189
205
444
575
428
125
645
455
991
756
159
305
525
30
781
872
661
517
92
653
624
623
968
932
400
468
765
385
363
677
644
458
493
293
509
106
965
139
499
91
597
336
360
772
249
23
454
573
938
996
499
12
671
25
226
493
926
459
537
180
705
290
203
300
791
738
597
796
396
581
598
815
981
663
203
39
578
983
723
207
371
240
572
736
654
13
209
76
483
819
708
934
553
648
337
315
796
504
833
623
332
173
264
509
295
276
284
248
492
343
164
744
780
879
727
532
62
846
160
444
836
356
113
557
324
601
27
766
612
47
826
337
654
901
581
165
533
859
246
169
70
902
278
225
1
114
570
148
896
639
233
758
424
593
198
95
103
186
664
235
14
747
974
137
798
329
347
72
166
146
458
53
125
340
104
186
358
211
866
259
488
768
936
112
713
63
912
987
562
181
228
193
700
321
288
488
970
327
235
845
783
592
945
27
539
305
424
652
481
165
183
934
631
25
809
496
312
525
900
437
876
796
693
852
118
56
825
148
984
896
646
710
469
230
909
930
211
810
517
514
58
125
554
189
800
192
155
835
65
495
546
762
578
48
231
808
27
98
299
987
374
95
68
336
973
933
955
958
960
293
172
643
730
517
810
77
116
385
246
148
119
347
799
32
220
453
114
382
703
92
713
575
910
847
242
633
11
622
223
543
354
791
964
994
815
930
648
582
158
973
384
732
167
684
519
83
493
777
179
883
376
581
951
530
337
144
62
623
734
227
327
650
783
310
327
823
241
677
818
707
641
720
546
380
212
564
851
936
933
394
753
185
880
722
687
491
782
623
569
772
125
277
705
998
192
685
916
662
651
280
13
798
171
368
349
439
717
929
863
433
56
186
429
761
375
826
707
459
978
826
416
226
73
525
328
796
962
714
536
45
480
460
872
290
631
472
838
558
639
484
534
671
78
297
48
767
31
202
256
617
666
456
351
746
422
962
178
150
4
645
841
921
873
906
100
772
661
1
611
748
870
819
134
86
993
180
47
316
652
206
174
484
19
785
578
84
624
39
330
889
759
429
458
475
859
461
849
340
605
682
775
638
419
322
66
298
68
614
738
887
462
796
225
741
384
890
943
880
797
144
973
655
883
986
682
45
849
223
261
664
630
597
242
299
255
896
486
643
545
124
478
767
346
428
163
598
192
985
30
648
409
971
861
796
936
284
342
278
10
207
441
438
598
583
777
242
14
686
122
336
191
631
520
914
405
586
220
837
222
783
613
734
599
671
423
872
694
357
51
433
137
780
41
821
445
982
399
109
564
867
569
160
425
517
590
339
411
124
612
426
584
107
666
353
289
248
510
210
906
267
260
879
34
393
280
251
187
751
110
66
499
342
470
517
817
676
568
487
527
151
987
447
330
508
735
250
335
967
292
373
999
438
123
7
833
480
760
710
300
469
578
230
512
843
59
641
63
812
654
163
311
927
795
983
59
292
659
430
309
622
470
982
883
977
660
762
927
533
182
741
840
70
423
296
902
960
947
739
284
88
419
946
49
754
681
381
777
724
950
556
304
363
283
285
678
79
621
863
190
674
322
839
568
229
979
196
560
666
721
146
216
151
365
310
121
63
903
672
255
189
55
803
379
502
777
691
762
728
111
158
49
309
354
109
792
444
595
581
546
435
322
110
268
587
104
542
671
70
520
990
517
172
109
878
90
153
422
115
159
978
712
516
354
480
193
975
364
214
754
894
406
974
309
8
839
524
771
435
452
255
592
755
516
397
851
359
503
783
186
21
361
498
918
68
383
777
203
101
306
165
264
539
370
714
386
341
675
221
316
709
112
553
639
183
15
732
902
745
696
597
258
903
74
592
216
716
71
952
336
516
432
338
378
195
180
746
446
877
839
290
676
189
466
360
719
338
600
14
240
574
264
720
258
669
809
918
616
281
919
786
257
852
840
833
252
174
588
699
592
91
886
645
470
160
664
322
654
759
108
337
475
80
35
754
668
52
462
337
172
431
904
782
1
952
467
903
74
746
832
88
253
502
299
295
336
634
824
926
435
356
433
43
689
538
169
83
113
944
344
407
713
863
319
852
461
316
884
635
413
85
748
820
303
223
765
626
205
790
19
918
964
38
128
437
658
180
423
916
453
61
244
915
24
899
682
303
973
835
367
318
61
749
457
707
968
290
665
759
551
735
931
311
543
966
504
998
732
910
667
918
681
602
861
91
649
461
936
645
120
87
620
739
14
156
380
258
142
624
444
17
720
686
755
616
109
583
981
347
744
344
378
189
783
620
120
41
758
216
56
124
473
961
968
124
121
141
476
819
107
690
880
556
463
825
390
834
379
586
309
852
423
344
957
844
459
951
621
377
386
435
930
362
173
249
348
735
494
576
692
413
283
550
900
206
291
70
607
650
917
169
324
100
35
889
121
770
871
383
239
525
957
916
592
192
413
980
570
721
895
154
406
842
588
515
378
349
506
895
598
674
59
276
269
937
286
561
736
350
787
525
435
540
99
955
420
430
46
955
219
361
705
254
803
995
194
711
535
568
743
550
968
426
52
462
516
988
666
377
837
673
998
24
461
417
190
319
200
186
339
962
129
34
64
393
697
897
747
882
865
632
120
881
830
407
827
516
702
300
980
67
1
927
798
702
352
687
26
619
4
247
992
341
59
390
213
646
147
965
336
539
502
616
982
482
384
218
375
207
104
378
657
870
881
620
844
810
184
98
796
305
578
171
711
537
897
623
340
572
547
807
479
194
324
14
390
464
432
137
434
111
984
631
924
167
28
330
276
521
894
21
464
757
320
657
729
278
790
7
513
102
738
722
909
114
335
196
530
372
71
180
621
840
850
945
617
330
804
844
797
936
738
229
993
125
113
954
980
866
967
688
744
706
523
643
710
768
166
821
801
8
807
625
193
912
834
635
318
180
622
506
943
254
307
246
204
99
753
914
878
827
994
124
184
486
359
317
930
870
469
927
70
433
553
521
528
645
582
356
470
984
11
120
316
603
135
202
661
444
451
907
704
871
317
586
674
769
553
278
295
64
618
447
142
886
121
840
234
321
102
51
625
366
437
143
851
286
306
857
946
529
72
211
719
589
17
430
831
626
323
912
42
363
836
928
476
535
366
280
896
965
909
912
679
435
634
751
988
664
567
269
565
36
153
920
109
584
186
196
228
222
333
851
59
204
595
747
595
778
795
405
102
257
94
845
490
542
137
413
754
722
406
895
896
208
398
855
864
121
99
202
878
481
5
247
907
76
316
154
615
803
515
426
145
107
671
769
49
410
204
870
401
527
891
644
430
341
309
897
745
155
291
32
621
391
809
620
577
876
229
870
390
65
913
144
350
362
912
234
111
412
401
460
945
417
744
365
270
472
701
762
614
173
181
793
995
199
748
372
557
944
31
177
892
358
682
697
332
893
693
765
848
836
644
936
853
66
559
226
718
171
484
289
1
686
366
838
831
2
353
505
215
291
55
321
550
131
94
535
224
131
686
763
483
48
875
616
905
419
95
781
396
468
941
486
114
355
961
784
531
170
907
775
992
106
183
915
374
948
521
66
844
159
423
61
751
492
419
122
122
182
732
502
580
425
309
748
693
249
466
632
313
696
823
552
797
107
314
212
687
143
231
786
64
876
772
204
285
422
521
848
301
478
601
495
663
79
189
76
145
154
286
310
213
588
990
179
45
584
485
620
699
442
445
452
308
826
84
160
160
719
131
695
73
652
437
485
724
716
992
533
956
865
673
368
523
731
11
640
728
331
434
402
623
971
345
231
304
516
731
92
554
243
130
934
223
87
871
936
463
413
696
539
900
924
17
657
686
351
807
957
172
412
861
82
537
388
899
58
588
314
718
76
177
711
939
571
622
625
641
384
47
620
927
278
632
100
954
890
640
955
896
593
556
665
888
538
468
134
349
774
508
983
522
527
903
448
754
177
200
486
121
173
448
53
906
222
299
36
196
430
602
843
835
885
922
446
819
349
285
43
27
489
401
826
285
98
37
427
550
879
270
230
48
278
116
714
174
97
375
781
650
606
322
465
194
321
32
308
465
657
312
138
988
701
475
157
478
240
678
170
162
12
657
908
34
959
964
507
529
142
929
791
672
863
536
134
960
807
478
474
685
616
281
874
364
594
175
703
180
284
50
732
425
960
749
663
32
757
832
192
40
953
930
554
696
477
820
16
269
872
173
885
522
413
829
884
168
336
337
486
34
818
428
839
112
273
240
768
642
404
293
941
674
499
929
74
375
121
399
679
849
370
750
631
959
321
571
112
391
205
453
16
681
596
845
360
807
313
783
245
906
857
780
8
183
973
488
433
865
646
113
855
613
457
910
822
438
543
648
227
774
827
51
949
816
650
601
705
555
186
120
807
971
360
696
568
914
396
516
116
595
280
63
769
721
917
616
529
214
883
629
742
898
554
389
841
529
678
684
687
871
37
579
189
139
104
317
632
801
100
404
482
903
593
687
320
796
314
234
154
662
963
197
253
39
703
655
380
665
71
482
417
149
942
944
692
372
532
769
501
161
133
367
343
782
638
728
655
600
649
453
713
145
841
463
118
558
911
812
289
81
522
777
340
256
641
96
619
473
388
728
947
404
42
718
936
182
600
699
764
434
565
521
933
365
813
333
47
536
72
414
581
360
95
123
46
540
867
873
392
413
422
996
38
791
970
212
214
962
803
838
838
900
363
567
182
840
316
130
879
873
379
474
761
785
953
425
126
964
385
498
868
919
537
332
895
75
532
22
170
856
579
385
814
148
293
147
891
98
387
948
111
786
688
804
730
563
316
563
367
661
976
310
298
69
141
951
557
572
804
54
613
643
276
766
933
814
792
555
923
37
596
996
37
993
364
356
463
772
275
346
342
407
8
254
464
178
932
994
869
97
768
917
448
502
322
302
95
84
862
268
503
317
339
221
126
177
394
283
323
429
710
185
26
49
171
897
930
971
414
738
172
434
339
77
20
193
205
831
715
935
329
29
837
879
944
723
437
723
994
666
201
340
989
495
863
602
923
480
637
365
255
391
140
211
29
121
781
874
65
843
45
106
733
915
643
493
22
645
822
756
435
369
91
317
391
178
559
833
669
1
992
271
719
685
227
580
729
704
417
305
602
91
687
854
429
106
832
662
167
511
410
292
462
68
694
272
958
231
326
881
928
874
386
369
33
579
817
386
596
883
545
427
437
410
590
82
4
757
715
986
399
189
263
645
704
964
935
481
492
707
494
447
800
12
677
182
924
890
469
872
930
357
680
205
362
67
247
580
680
36
802
471
976
212
952
701
639
132
28
185
250
620
885
783
928
816
261
786
554
450
133
893
639
109
847
229
426
864
583
280
88
306
196
431
519
439
169
862
380
326
207
109
357
879
856
559
908
852
289
760
565
796
408
932
57
365
686
491
593
256
13
761
781
223
620
465
457
116
41
1
233
409
862
774
956
882
849
488
519
179
103
124
865
79
16
170
152
47
543
524
916
591
839
930
551
164
836
856
663
708
916
318
703
686
200
613
406
730
651
816
861
941
32
353
568
655
813
2
524
166
700
370
967
267
784
521
199
217
760
199
5
870
560
574
312
390
884
913
932
488
737
241
688
604
771
982
162
493
751
883
706
970
345
915
102
540
953
389
517
91
461
549
127
211
924
270
558
661
73
699
939
420
937
532
548
289
812
502
912
762
292
964
254
543
391
797
234
473
601
144
387
867
762
343
794
641
599
426
433
568
306
188
456
775
786
857
937
319
92
203
788
449
279
39
919
741
254
56
686
566
6
754
969
208
664
844
9
190
728
13
562
554
914
539
20
840
780
411
106
255
817
810
930
162
43
760
401
288
780
120
150
604
899
921
345
469
836
193
376
220
915
3
176
179
72
456
423
399
10
346
930
586
260
699
47
143
564
127
140
540
50
914
625
73
352
395
268
502
914
677
620
794
12
908
814
827
885
754
673
280
255
232
960
339
710
297
245
264
218
429
569
651
194
373
570
568
50
619
348
467
615
810
655
688
555
829
219
716
115
741
749
96
767
394
816
633
680
574
161
420
639
890
667
166
907
289
534
366
551
768
656
133
970
189
922
548
354
860
665
225
437
916
543
986
513
383
697
824
949
300
933
640
9
902
255
790
573
701
214
829
335
428
745
625
312
920
708
124
793
863
290
919
569
730
598
928
971
358
92
959
825
176
201
702
692
277
937
885
400
17
918
529
623
608
694
61
407
843
894
462
589
352
101
12
364
283
282
521
18
620
132
177
995
329
500
255
833
942
419
869
118
814
871
580
164
592
403
924
169
84
456
321
311
909
267
465
746
824
931
431
101
511
944
411
276
425
60
938
374
317
537
115
711
985
871
69
549
796
433
281
386
923
836
191
795
578
306
635
635
631
151
690
6
722
758
826
878
295
458
933
265
438
357
16
194
726
663
425
842
117
790
955
534
503
126
353
494
65
602
303
764
304
819
25
377
329
947
915
256
423
396
540
220
110
509
62
234
278
457
883
787
836
985
398
736
461
743
304
136
32
898
576
841
747
431
13
710
464
744
988
347
36
980
931
124
474
174
392
37
781
248
205
102
963
253
807
200
517
91
234
908
904
200
583
71
750
851
287
563
818
201
256
237
319
509
173
601
868
576
70
302
828
889
857
581
820
997
690
193
960
941
443
780
680
150
740
466
88
561
160
500
680
959
57
488
231
769
832
241
124
471
892
654
758
154
71
96
38
363
848
509
274
198
402
711
901
620
935
595
367
478
643
608
329
258
750
585
186
554
117
304
710
326
256
417
420
661
316
282
804
789
388
501
88
588
674
332
584
66
712
979
377
493
46
358
542
165
584
95
574
993
341
159
143
398
469
652
779
755
641
706
806
675
476
545
793
979
12
754
278
759
683
582
139
231
484
25
99
997
895
733
786
640
106
546
561
825
836
104
881
735
402
869
285
63
801
695
24
673
496
858
168
410
404
726
708
697
882
797
478
560
334
435
128
781
865
273
954
922
829
436
760
782
46
629
877
126
882
374
238
461
969
349
311
308
912
20
514
429
232
584
175
190
4
1000
984
249
319
799
265
932
213
367
710
348
353
991
495
532
360
168
370
182
963
942
98
856
254
850
906
682
739
310
613
913
249
95
245
381
800
489
947
87
680
280
246
340
223
943
243
902
966
502
951
836
725
778
373
688
621
830
446
53
64
901
469
206
192
836
735
9
978
436
709
198
547
762
690
507
393
214
448
661
169
408
861
705
253
447
893
417
716
880
302
691
476
445
842
98
341
49
915
652
10
192
185
126
128
816
909
641
677
564
503
895
775
363
510
168
470
418
820
687
571
495
980
394
534
598
922
178
412
733
117
215
783
550
481
245
228
284
14
231
590
665
809
623
619
201
421
358
117
295
620
897
523
956
794
410
868
167
200
125
165
982
409
708
86
187
567
396
108
723
979
806
181
140
761
874
754
616
666
83
681
250
897
395
454
887
814
379
599
625
368
436
696
13
962
155
357
909
157
648
297
841
924
396
91
341
945
224
697
782
740
872
975
897
740
707
809
330
74
982
722
38
292
636
85
753
946
944
580
977
423
659
245
370
485
470
378
858
638
196
328
678
295
432
278
640
930
706
755
391
756
42
120
967
521
199
680
210
148
599
783
792
655
679
185
914
812
368
987
384
893
619
787
497
847
639
761
572
945
796
588
900
410
431
947
952
951
278
555
883
291
727
173
174
679
471
969
260
478
790
972
973
604
963
792
934
568
50
823
605
920
86
124
673
302
64
155
643
158
705
491
737
640
686
303
928
159
270
997
257
759
96
463
38
578
898
127
139
493
745
147
889
529
861
853
564
437
308
868
490
778
307
885
247
1
17
191
62
199
9
49
639
296
931
236
448
854
668
518
674
608
887
954
472
935
291
204
389
879
46
401
836
341
886
991
567
357
40
521
426
684
142
944
368
994
263
681
247
412
947
698
628
185
300
194
11
473
857
42
979
654
858
626
323
6
739
746
625
948
409
575
655
189
463
780
336
604
490
918
323
922
359
252
570
512
297
936
236
378
201
409
166
530
759
764
503
553
97
299
347
979
165
217
613
721
931
682
167
207
464
988
289
145
137
798
733
920
504
625
190
133
148
339
141
265
386
72
770
595
265
870
688
121
866
551
510
624
333
679
202
688
236
317
142
124
116
914
702
607
735
655
43
857
650
788
219
160
825
12
618
268
284
648
468
721
483
177
71
511
678
206
534
185
267
376
267
588
264
283
470
894
593
897
935
804
206
661
912
434
123
82
668
41
637
157
113
856
519
81
825
832
144
511
440
684
550
952
183
883
744
797
783
101
56
797
665
996
949
106
750
78
508
236
161
737
365
920
995
22
613
427
26
171
628
211
174
908
359
258
107
925
492
932
571
800
450
951
182
348
984
125
670
483
447
729
663
531
864
699
734
193
763
862
504
593
196
726
655
969
823
644
66
789
761
244
171
937
46
1000
416
689
969
168
788
971
753
289
778
590
850
694
635
731
464
152
489
521
478
376
99
907
832
193
463
243
96
362
184
312
899
592
51
90
396
989
67
898
752
907
867
190
125
42
545
936
761
1000
930
463
163
436
736
775
492
226
400
167
353
684
619
623
338
708
116
789
262
262
367
682
726
108
803
817
127
317
644
971
593
138
786
690
267
7
883
716
311
705
869
776
343
191
491
37
791
776
677
221
632
502
63
680
600
250
780
790
606
260
743
445
163
149
194
925
848
567
410
902
231
677
646
76
114
345
391
465
980
542
362
670
329
699
273
915
854
782
370
604
660
927
10
24
615
857
846
859
269
9
569
185
638
419
669
711
220
984
999
664
865
671
538
708
670
668
340
700
356
171
974
243
423
811
756
758
837
500
448
784
670
263
812
742
79
537
611
224
598
972
498
448
574
413
907
545
368
276
488
66
658
118
852
598
700
464
351
78
870
874
825
986
471
970
369
404
353
715
48
558
874
172
532
637
736
727
26
430
173
556
70
462
341
101
954
94
412
369
535
308
869
958
202
555
286
446
111
743
671
218
142
193
645
53
229
761
34
245
409
48
742
174
29
902
945
585
835
887
346
787
426
306
317
186
489
841
92
77
618
513
988
721
699
941
61
853
129
197
648
314
756
479
968
605
240
619
934
977
446
661
177
452
316
480
125
694
380
569
524
354
991
889
102
403
575
602
558
458
270
643
952
500
500
373
700
341
182
511
366
754
351
86
817
85
639
1000
934
279
968
377
647
111
906
274
144
569
497
381
183
460
724
193
307
926
801
714
168
26
35
342
85
831
187
660
764
406
873
806
389
1000
423
502
840
39
217
116
584
650
817
860
878
240
523
112
539
757
941
336
893
111
394
51
833
138
277
587
412
412
420
912
824
794
102
663
68
10
478
732
506
124
814
596
659
41
964
677
150
267
622
128
468
101
290
356
56
81
695
370
879
982
871
532
857
460
953
755
37
893
983
976
687
150
40
681
190
156
600
532
971
494
798
931
851
420
747
825
755
369
740
264
720
286
916
44
103
531
887
345
155
496
755
912
615
890
53
704
838
750
554
922
2
25
626
54
660
294
592
793
165
566
318
846
323
56
566
835
786
386
463
844
234
15
882
325
956
563
618
300
106
486
287
460
735
681
481
173
786
311
942
588
173
684
20
87
133
538
906
846
675
827
752
687
798
942
200
878
824
670
844
132
221
632
851
82
273
939
308
805
350
856
443
619
124
15
367
222
813
32
412
709
531
216
218
103
593
256
774
410
545
266
652
291
57
395
763
768
900
888
933
996
254
881
834
215
930
403
48
316
898
80
994
358
430
180
416
783
921
321
668
696
289
182
184
679
769
881
916
119
285
445
156
792
512
975
201
971
508
205
360
572
783
673
134
57
347
424
199
262
311
885
128
547
153
172
794
507
796
207
220
445
131
134
486
630
127
514
295
329
865
496
737
15
479
971
910
133
972
196
89
842
244
108
228
755
738
796
224
110
477
504
250
89
127
484
929
555
474
309
312
709
45
856
554
945
984
537
658
571
684
962
635
861
119
211
488
257
76
45
203
193
216
828
629
612
926
411
386
723
943
1
814
371
736
174
847
954
993
60
282
288
708
965
925
425
768
302
770
196
351
842
697
96
287
238
271
766
72
286
964
436
135
762
823
760
391
389
721
220
716
819
552
50
915
346
96
487
955
929
326
411
36
712
202
245
586
970
483
70
310
246
974
141
848
762
403
1000
23
302
279
474
426
869
463
209
746
820
826
769
289
10
22
414
443
543
598
907
546
357
464
758
762
5
685
91
114
446
709
536
786
463
760
831
298
234
136
869
135
14
449
132
202
189
7
839
987
987
168
722
929
748
252
865
615
522
653
778
915
210
982
95
285
533
899
610
901
194
33
704
329
482
234
824
452
236
822
605
95
877
609
405
479
211
381
535
387
282
61
806
320
76
259
276
860
563
313
522
755
484
278
741
244
368
757
109
345
129
597
460
627
512
999
820
448
261
691
792
384
388
971
629
6
917
291
785
768
429
250
789
333
249
263
970
927
835
605
289
415
300
738
189
731
30
628
489
588
145
225
768
98
292
785
187
370
639
871
762
599
319
215
440
451
948
246
457
854
327
288
690
153
446
179
181
371
604
636
504
644
467
713
120
76
742
857
519
125
325
742
837
34
22
465
479
598
820
178
870
337
674
636
324
3
508
253
925
896
670
681
254
763
177
191
369
388
891
489
725
205
583
901
244
845
280
809
744
236
238
591
579
181
488
81
737
780
356
86
139
872
763
612
924
898
823
804
37
678
275
190
654
258
291
779
845
853
784
142
534
611
3
997
105
983
60
38
376
383
671
524
940
637
300
846
496
707
687
442
415
908
916
807
317
329
960
135
679
680
407
31
181
805
215
52
86
634
808
391
24
596
205
865
530
275
181
957
43
180
58
440
132
409
644
159
236
309
387
814
724
732
321
394
46
130
353
336
111
879
84
634
884
591
481
75
38
435
448
708
879
900
551
850
389
913
437
715
689
965
445
317
839
460
524
38
148
349
352
495
167
366
482
914
700
315
116
796
953
406
678
709
905
7
446
801
708
729
653
463
463
764
963
473
403
945
539
552
294
51
802
246
991
954
611
405
997
804
651
280
474
900
584
932
854
538
206
341
941
722
929
245
663
413
102
351
819
769
174
349
759
581
912
100
591
456
673
256
918
168
652
773
355
428
40
883
797
238
226
58
277
582
222
615
837
743
282
300
318
958
360
360
898
675
598
813
661
558
584
875
19
915
224
85
429
152
993
56
752
390
139
568
48
929
889
869
43
282
485
963
333
335
15
892
125
393
852
416
978
290
961
697
360
16
712
951
879
14
498
257
684
509
895
924
258
19
577
415
528
82
869
280
395
344
567
20
525
230
291
314
254
984
580
66
254
609
15
25
540
945
905
278
24
126
269
214
701
31
97
21
404
74
899
729
223
976
591
867
146
688
366
656
560
948
558
166
664
501
580
730
226
739
597
27
920
749
349
972
934
147
444
777
856
515
138
869
61
670
205
87
566
89
316
527
795
133
696
684
566
376
151
765
451
174
192
931
327
89
14
895
182
83
605
794
583
882
775
805
189
649
758
736
927
153
412
846
21
372
271
849
956
213
7
284
485
897
19
728
794
683
182
877
360
787
273
338
864
28
294
130
793
291
324
311
225
92
222
763
52
115
770
66
389
562
921
725
205
508
541
390
497
929
778
818
237
970
668
293
822
893
801
614
821
280
347
36
251
784
424
594
488
360
651
280
415
305
857
789
787
438
557
919
169
263
415
207
711
176
631
683
347
593
284
163
984
212
514
601
944
362
600
228
832
86
249
335
774
385
561
613
7
442
14
893
588
873
267
431
81
117
381
97
304
792
674
141
25
415
526
500
621
260
415
433
558
58
781
121
804
858
52
242
465
520
700
191
905
420
545
408
221
249
336
880
825
854
262
444
937
942
74
182
821
763
274
465
241
56
996
798
45
217
4
285
359
529
999
821
982
821
491
494
504
634
845
412
343
956
402
95
489
434
80
578
658
794
524
779
163
992
107
459
508
406
318
150
47
655
988
57
600
743
504
429
130
212
224
579
451
291
468
128
373
518
232
47
762
110
280
885
964
361
561
367
684
605
374
130
329
435
437
577
185
256
389
307
506
742
892
756
279
69
504
787
547
333
406
300
361
621
992
46
173
520
436
662
921
400
75
390
105
77
668
763
267
828
54
688
984
339
407
128
172
181
959
880
399
438
971
304
425
690
316
995
978
135
966
399
723
904
466
707
482
791
824
891
581
683
567
508
870
811
19
641
780
937
764
973
444
824
50
680
741
850
623
927
185
617
483
600
379
736
320
480
915
178
770
492
247
117
662
785
185
219
234
411
526
325
375
836
308
616
227
187
555
606
893
624
916
192
618
533
725
713
5
261
540
457
515
484
235
969
349
616
953
171
373
142
843
628
844
516
410
231
321
410
372
508
77
323
607
888
596
877
226
801
511
747
141
958
822
553
567
476
427
767
101
634
705
128
312
340
549
696
267
411
953
378
371
928
233
623
64
511
736
327
421
242
985
881
727
782
779
989
370
198
925
774
860
837
95
375
421
165
804
991
167
108
986
60
479
625
232
209
688
415
500
350
380
712
922
717
270
601
161
427
95
439
234
648
15
788
522
598
237
409
695
766
802
411
776
183
366
707
583
571
56
87
153
362
644
376
26
705
281
193
169
690
903
275
245
960
887
805
121
572
730
34
960
680
220
920
539
768
154
544
557
623
225
985
144
651
497
129
612
238
855
363
966
873
484
692
86
714
108
314
821
396
255
603
673
709
417
790
690
860
456
538
498
111
401
990
725
758
299
478
86
654
534
353
658
463
377
508
453
551
978
158
568
147
427
658
98
680
517
401
129
386
934
224
762
130
410
48
396
698
353
862
466
112
351
491
472
646
956
530
792
572
451
580
442
519
822
789
296
447
480
103
811
100
352
383
400
49
927
631
11
105
737
515
640
761
510
511
491
403
941
87
505
936
491
771
990
789
605
820
536
585
351
45
931
207
171
466
478
13
191
456
848
46
595
48
193
336
331
270
234
333
319
248
512
463
426
555
834
282
699
602
993
581
780
688
446
57
926
181
418
84
101
807
962
54
990
754
637
386
826
697
573
649
378
56
571
415
569
747
834
393
436
984
679
391
754
909
146
14
747
539
945
645
850
477
947
851
220
598
40
792
117
900
614
706
489
649
393
94
347
554
445
741
612
285
640
659
502
367
411
456
732
934
187
842
281
504
576
491
983
149
788
377
308
492
690
547
151
450
580
597
201
294
771
884
813
81
777
512
831
816
560
674
409
583
828
479
520
825
19
668
677
74
194
343
186
919
126
667
253
44
655
531
335
455
662
132
253
585
217
331
307
792
954
201
494
15
779
214
596
934
631
244
804
198
978
351
35
970
872
238
362
376
371
422
701
84
702
678
934
817
557
863
133
876
430
158
941
257
445
733
613
41
815
369
164
677
206
802
618
952
584
827
129
530
324
795
253
867
953
802
429
68
272
948
589
231
815
600
249
217
822
807
564
207
310
256
152
286
921
939
360
281
997
552
674
435
683
289
539
730
95
990
982
905
20
175
228
797
29
752
763
783
48
695
554
779
433
603
822
621
748
295
453
281
293
998
329
137
117
13
274
232
382
536
145
776
454
999
699
728
836
940
721
176
57
890
79
837
351
426
495
240
988
13
858
617
969
18
70
727
879
456
946
35
500
976
820
61
879
926
452
111
131
681
159
205
463
84
757
358
972
850
755
390
477
701
917
202
450
42
545
507
390
540
764
940
135
419
939
636
823
651
909
76
737
192
292
674
380
172
279
618
378
541
70
151
62
365
731
710
13
187
645
293
236
926
423
610
703
650
111
339
511
397
897
371
321
947
567
724
241
851
762
593
308
182
641
689
106
405
928
892
253
79
228
829
489
215
94
964
372
288
106
599
120
634
298
868
50
472
446
517
150
441
92
996
966
614
277
773
528
675
353
66
890
712
846
845
805
638
94
993
162
824
63
191
907
209
674
454
247
90
304
677
926
70
610
179
163
707
513
474
378
580
573
999
215
738
406
623
588
932
927
330
161
590
963
787
53
415
862
654
257
375
237
610
347
215
404
64
846
34
389
721
302
394
247
414
554
440
200
925
683
34
650
523
837
481
506
660
649
862
428
466
987
761
52
406
608
196
507
947
212
396
301
726
197
713
226
707
540
179
298
845
818
748
143
588
964
204
76
53
311
448
234
447
698
188
40
456
640
297
619
470
713
728
159
112
413
849
307
961
946
443
298
440
306
734
139
387
538
770
922
626
792
294
659
349
197
117
594
373
652
518
559
234
412
311
586
787
403
927
136
10
220
956
559
891
868
940
236
44
861
740
119
236
786
627
721
622
992
841
867
985
805
988
720
497
117
869
662
203
378
637
450
957
993
375
20
627
203
68
254
710
568
524
161
18
700
502
428
50
42
989
860
112
891
786
307
706
103
346
191
684
301
388
865
707
534
344
948
129
952
261
190
375
648
248
544
881
75
969
169
296
842
990
595
786
14
343
635
583
600
825
510
511
75
131
255
182
34
537
251
923
307
598
986
74
553
936
630
244
51
311
127
595
481
73
45
79
584
956
339
151
30
832
929
622
720
431
3
995
211
405
30
545
336
670
873
913
448
144
668
654
797
382
821
18
471
899
530
847
187
84
211
23
301
182
490
553
55
165
713
579
832
513
838
624
620
488
210
714
894
209
423
899
813
431
197
934
760
565
674
646
884
444
653
993
530
814
65
519
768
948
433
332
378
592
908
150
255
209
327
653
501
819
513
643
103
141
853
258
452
736
957
953
625
104
157
97
439
213
474
275
625
840
355
124
73
148
194
539
939
113
631
262
335
715
440
532
455
216
839
136
294
721
883
700
75
722
624
97
579
494
454
723
184
545
412
284
38
813
70
528
318
381
464
339
14
174
169
948
844
261
235
362
80
5
498
799
851
806
89
66
50
483
514
111
448
733
372
260
568
11
2
722
364
799
470
677
903
543
402
748
249
787
125
915
238
76
195
858
276
323
443
953
630
389
898
232
449
310
831
211
93
932
644
646
424
134
728
330
276
988
82
912
869
624
929
309
539
235
582
164
1
585
246
730
431
51
278
404
575
492
632
354
600
433
974
411
678
949
919
922
833
110
78
259
623
959
327
941
22
144
507
620
888
957
514
194
720
244
26
114
231
737
456
39
388
57
510
105
691
136
656
943
762
218
248
107
721
490
708
784
555
310
199
317
615
789
807
374
317
804
690
726
893
641
333
490
307
111
951
690
441
575
457
141
833
469
356
339
951
35
982
635
312
127
870
293
400
966
51
462
375
651
240
571
177
36
278
855
60
175
817
906
365
414
790
210
694
855
239
180
431
327
824
346
22
458
596
644
533
669
488
827
164
410
175
372
8
274
599
778
125
81
127
999
748
650
657
692
568
471
92
585
687
356
739
755
437
100
183
352
980
180
224
926
813
44
802
254
210
696
181
195
836
714
512
640
16
547
578
266
236
959
791
323
116
843
549
922
506
876
425
450
643
859
1
219
500
506
515
400
706
978
466
72
934
981
776
842
833
149
744
815
47
322
834
62
709
184
979
145
732
458
184
772
211
828
345
580
56
189
320
239
29
745
493
537
356
153
470
269
283
158
933
257
958
354
203
121
240
239
563
61
641
362
927
304
742
883
580
733
232
634
649
955
845
250
964
750
960
600
717
718
912
24
751
421
566
106
2
340
995
135
361
201
926
711
298
48
811
578
777
434
191
270
162
600
900
48
768
538
714
264
206
965
69
935
604
429
996
380
257
565
945
43
400
167
928
51
729
117
723
973
549
907
220
481
10
606
607
370
758
490
248
279
463
716
205
666
253
309
650
335
148
352
823
673
994
149
783
111
354
449
438
182
257
403
305
500
29
975
161
115
407
926
712
841
93
383
2
299
690
784
714
859
571
481
440
600
931
75
481
658
381
750
649
104
301
780
352
414
945
688
153
374
246
949
654
326
211
780
525
462
231
866
596
848
146
228
298
482
280
919
626
494
298
774
745
978
350
540
856
3
305
98
136
503
120
843
658
746
498
970
745
654
514
213
236
275
938
75
644
412
563
240
475
426
49
252
486
323
658
563
593
436
630
761
597
113
196
917
149
695
854
119
274
366
285
539
645
443
401
363
155
45
612
624
521
283
400
174
69
237
43
212
291
102
108
988
